model=462
x=2598.245117
y=-2427.068847
z=13.063731
a=230.555999
