model=462
x=2597.239990
y=-2428.745849
z=13.059148
a=231.647247
