model=462
x=2595.640136
y=-2429.736816
z=13.058005
a=238.620162
