model=462
x=2601.047851
y=-2424.562500
z=13.054855
a=220.888656
