model=462
x=2600.532958
y=-2426.472167
z=13.040283
a=213.892974
