model=462
x=2594.373046
y=-2431.024414
z=13.231276
a=223.199783
